[-1.60077843e-18 -1.37205100e-05 -1.78908122e-05 -6.41221780e-06
  2.06622145e-05  5.65432372e-05  8.94076939e-05  1.05962914e-04
  9.58480324e-05  5.55321254e-05 -9.55624274e-06 -8.54749413e-05
 -1.52871828e-04 -1.92037302e-04 -1.88568722e-04 -1.38035618e-04
 -4.82144240e-05  6.19322104e-05  1.66475263e-04  2.38965336e-04
  2.59441508e-04  2.20086584e-04  1.27891779e-04  3.45295298e-06
 -1.23934997e-04 -2.23675229e-04 -2.71803880e-04 -2.57293029e-04
 -1.84946909e-04 -7.40323768e-05  4.70248702e-05  1.48418677e-04
  2.07022141e-04  2.12424918e-04  1.69209682e-04  9.48228867e-05
  1.37054664e-05 -5.05127486e-05 -8.23370226e-05 -7.89481988e-05
 -5.04936957e-05 -1.59861170e-05  3.91779055e-06 -5.08104139e-06
 -4.48425542e-05 -1.02834552e-04 -1.55277702e-04 -1.74726008e-04
 -1.39891953e-04 -4.45968556e-05  9.72638141e-05  2.52838549e-04
  3.77852126e-04  4.28860860e-04  3.76879466e-04  2.18276930e-04
 -2.07008554e-05 -2.87802976e-04 -5.16692069e-04 -6.44114561e-04
 -6.27740728e-04 -4.59551463e-04 -1.70596617e-04  1.74804859e-04
  4.94404368e-04  7.09071705e-04  7.63886880e-04  6.43347918e-04
  3.76224688e-04  2.84096270e-05 -3.14481520e-04 -5.70009452e-04
 -6.80875671e-04 -6.29682764e-04 -4.42247613e-04 -1.78552689e-04
  8.59170892e-05  2.82808276e-04  3.70630505e-04  3.45567743e-04
  2.40079895e-04  1.09811409e-04  1.30494847e-05 -1.05512413e-05
  4.51398422e-05  1.49463930e-04  2.44931877e-04  2.67681023e-04
  1.72048844e-04 -4.88961937e-05 -3.54258117e-04 -6.61827181e-04
 -8.69594937e-04 -8.86730323e-04 -6.64949875e-04 -2.20296112e-04
  3.62513038e-04  9.46249705e-04  1.37488795e-03  1.51631321e-03
  1.30211009e-03  7.52509152e-04 -2.18562983e-05 -8.43461395e-04
 -1.51150481e-03 -1.85435820e-03 -1.77647907e-03 -1.28637227e-03
 -4.97088859e-04  4.01690617e-04  1.19285618e-03  1.68897091e-03
  1.78137681e-03  1.46746085e-03  8.48374231e-04  9.79887503e-05
 -5.87753486e-04 -1.04618587e-03 -1.19167896e-03 -1.03504201e-03
 -6.73183252e-04 -2.52746840e-04  8.05111272e-05  2.30354084e-04
  1.80980500e-04 -1.08052544e-17 -1.87879210e-04 -2.48251198e-04
 -9.00747249e-05  2.93554694e-04  8.11706585e-04  1.29566875e-03
  1.54872695e-03  1.41161056e-03  8.23387334e-04 -1.42528639e-04
 -1.28128558e-03 -2.30130788e-03 -2.90089820e-03 -2.85619405e-03
 -2.09490542e-03 -7.32659816e-04  9.41681904e-04  2.53118071e-03
  3.63104199e-03  3.93740001e-03  3.33427837e-03  1.93315769e-03
  5.20503226e-05 -1.86225874e-03 -3.34885014e-03 -4.05318804e-03
 -3.82011752e-03 -2.73312968e-03 -1.08860015e-03  6.87842216e-04
  2.15902097e-03  2.99430449e-03  3.05428907e-03  2.41813508e-03
  1.34664927e-03  1.93404341e-04 -7.08205013e-04 -1.14683876e-03
 -1.09237308e-03 -6.94014003e-04 -2.18255510e-04  5.31313938e-05
 -6.84470258e-05 -6.00060892e-04 -1.36699011e-03 -2.05060306e-03
 -2.29249047e-03 -1.82371800e-03 -5.77733605e-04  1.25222509e-03
  3.23546720e-03  4.80660616e-03  5.42402525e-03  4.73987882e-03
  2.73028508e-03 -2.57575616e-04 -3.56298363e-03 -6.36565456e-03
 -7.89882575e-03 -7.66422142e-03 -5.58746905e-03 -2.06611409e-03
  2.10937955e-03  5.94593451e-03  8.50136533e-03  9.13308143e-03
  7.67287323e-03  4.47736502e-03  3.37480250e-04 -3.73022960e-03
 -6.75360580e-03 -8.06113393e-03 -7.45233420e-03 -5.23422120e-03
 -2.11421679e-03  1.01823183e-03  3.35612382e-03  4.40624094e-03
  4.11767554e-03  2.86870462e-03  1.31648850e-03  1.57051023e-04
 -1.27549108e-04  5.48428736e-04  1.82622656e-03  3.01166262e-03
  3.31451394e-03  2.14688482e-03 -6.15341769e-04 -4.49979463e-03
 -8.49210361e-03 -1.12816481e-02 -1.16423797e-02 -8.84440197e-03
 -2.97151454e-03  4.96453334e-03  1.31725561e-02  1.94806719e-02
  2.18978786e-02  1.91949841e-02  1.13417786e-02 -3.37393249e-04
 -1.33611246e-02 -2.46211821e-02 -3.11318697e-02 -3.08159181e-02
 -2.31202950e-02 -9.28576815e-03  7.82600760e-03  2.43334061e-02
  3.62358770e-02  4.04013660e-02  3.53922027e-02  2.19106309e-02
  2.73257765e-03 -1.78765173e-02 -3.51382416e-02 -4.49003449e-02
 -4.46599345e-02 -3.42131040e-02 -1.57603889e-02  6.57024098e-03
  2.76764723e-02  4.26841581e-02  4.81076745e-02  4.26841581e-02
  2.76764723e-02  6.57024098e-03 -1.57603889e-02 -3.42131040e-02
 -4.46599345e-02 -4.49003449e-02 -3.51382416e-02 -1.78765173e-02
  2.73257765e-03  2.19106309e-02  3.53922027e-02  4.04013660e-02
  3.62358770e-02  2.43334061e-02  7.82600760e-03 -9.28576815e-03
 -2.31202950e-02 -3.08159181e-02 -3.11318697e-02 -2.46211821e-02
 -1.33611246e-02 -3.37393249e-04  1.13417786e-02  1.91949841e-02
  2.18978786e-02  1.94806719e-02  1.31725561e-02  4.96453334e-03
 -2.97151454e-03 -8.84440197e-03 -1.16423797e-02 -1.12816481e-02
 -8.49210361e-03 -4.49979463e-03 -6.15341769e-04  2.14688482e-03
  3.31451394e-03  3.01166262e-03  1.82622656e-03  5.48428736e-04
 -1.27549108e-04  1.57051023e-04  1.31648850e-03  2.86870462e-03
  4.11767554e-03  4.40624094e-03  3.35612382e-03  1.01823183e-03
 -2.11421679e-03 -5.23422120e-03 -7.45233420e-03 -8.06113393e-03
 -6.75360580e-03 -3.73022960e-03  3.37480250e-04  4.47736502e-03
  7.67287323e-03  9.13308143e-03  8.50136533e-03  5.94593451e-03
  2.10937955e-03 -2.06611409e-03 -5.58746905e-03 -7.66422142e-03
 -7.89882575e-03 -6.36565456e-03 -3.56298363e-03 -2.57575616e-04
  2.73028508e-03  4.73987882e-03  5.42402525e-03  4.80660616e-03
  3.23546720e-03  1.25222509e-03 -5.77733605e-04 -1.82371800e-03
 -2.29249047e-03 -2.05060306e-03 -1.36699011e-03 -6.00060892e-04
 -6.84470258e-05  5.31313938e-05 -2.18255510e-04 -6.94014003e-04
 -1.09237308e-03 -1.14683876e-03 -7.08205013e-04  1.93404341e-04
  1.34664927e-03  2.41813508e-03  3.05428907e-03  2.99430449e-03
  2.15902097e-03  6.87842216e-04 -1.08860015e-03 -2.73312968e-03
 -3.82011752e-03 -4.05318804e-03 -3.34885014e-03 -1.86225874e-03
  5.20503226e-05  1.93315769e-03  3.33427837e-03  3.93740001e-03
  3.63104199e-03  2.53118071e-03  9.41681904e-04 -7.32659816e-04
 -2.09490542e-03 -2.85619405e-03 -2.90089820e-03 -2.30130788e-03
 -1.28128558e-03 -1.42528639e-04  8.23387334e-04  1.41161056e-03
  1.54872695e-03  1.29566875e-03  8.11706585e-04  2.93554694e-04
 -9.00747249e-05 -2.48251198e-04 -1.87879210e-04 -1.08052544e-17
  1.80980500e-04  2.30354084e-04  8.05111272e-05 -2.52746840e-04
 -6.73183252e-04 -1.03504201e-03 -1.19167896e-03 -1.04618587e-03
 -5.87753486e-04  9.79887503e-05  8.48374231e-04  1.46746085e-03
  1.78137681e-03  1.68897091e-03  1.19285618e-03  4.01690617e-04
 -4.97088859e-04 -1.28637227e-03 -1.77647907e-03 -1.85435820e-03
 -1.51150481e-03 -8.43461395e-04 -2.18562983e-05  7.52509152e-04
  1.30211009e-03  1.51631321e-03  1.37488795e-03  9.46249705e-04
  3.62513038e-04 -2.20296112e-04 -6.64949875e-04 -8.86730323e-04
 -8.69594937e-04 -6.61827181e-04 -3.54258117e-04 -4.88961937e-05
  1.72048844e-04  2.67681023e-04  2.44931877e-04  1.49463930e-04
  4.51398422e-05 -1.05512413e-05  1.30494847e-05  1.09811409e-04
  2.40079895e-04  3.45567743e-04  3.70630505e-04  2.82808276e-04
  8.59170892e-05 -1.78552689e-04 -4.42247613e-04 -6.29682764e-04
 -6.80875671e-04 -5.70009452e-04 -3.14481520e-04  2.84096270e-05
  3.76224688e-04  6.43347918e-04  7.63886880e-04  7.09071705e-04
  4.94404368e-04  1.74804859e-04 -1.70596617e-04 -4.59551463e-04
 -6.27740728e-04 -6.44114561e-04 -5.16692069e-04 -2.87802976e-04
 -2.07008554e-05  2.18276930e-04  3.76879466e-04  4.28860860e-04
  3.77852126e-04  2.52838549e-04  9.72638141e-05 -4.45968556e-05
 -1.39891953e-04 -1.74726008e-04 -1.55277702e-04 -1.02834552e-04
 -4.48425542e-05 -5.08104139e-06  3.91779055e-06 -1.59861170e-05
 -5.04936957e-05 -7.89481988e-05 -8.23370226e-05 -5.05127486e-05
  1.37054664e-05  9.48228867e-05  1.69209682e-04  2.12424918e-04
  2.07022141e-04  1.48418677e-04  4.70248702e-05 -7.40323768e-05
 -1.84946909e-04 -2.57293029e-04 -2.71803880e-04 -2.23675229e-04
 -1.23934997e-04  3.45295298e-06  1.27891779e-04  2.20086584e-04
  2.59441508e-04  2.38965336e-04  1.66475263e-04  6.19322104e-05
 -4.82144240e-05 -1.38035618e-04 -1.88568722e-04 -1.92037302e-04
 -1.52871828e-04 -8.54749413e-05 -9.55624274e-06  5.55321254e-05
  9.58480324e-05  1.05962914e-04  8.94076939e-05  5.65432372e-05
  2.06622145e-05 -6.41221780e-06 -1.78908122e-05 -1.37205100e-05
 -1.60077843e-18]
