[-1.60080140e-18 -2.12870466e-06  2.98000637e-05  1.87499488e-05
 -5.28324827e-05 -4.94431883e-05  6.27641150e-05  8.90592603e-05
 -5.52078959e-05 -1.30539331e-04  2.85184298e-05  1.65944104e-04
  1.57817307e-05 -1.87681419e-04 -7.30349607e-05  1.89768932e-04
  1.35976846e-04 -1.68944008e-04 -1.95728174e-04  1.25431126e-04
  2.43143333e-04 -6.32045453e-05 -2.70335285e-04 -1.03568266e-05
  2.72141607e-04  8.54375612e-05 -2.47271445e-04 -1.51285531e-04
  1.98891129e-04  1.98043601e-04 -1.34472037e-04 -2.18623551e-04
  6.48343671e-05  2.10282876e-04 -2.46124376e-06 -1.75572649e-04
 -4.06938772e-05  1.22397751e-04  5.55556999e-05 -6.30655554e-05
 -3.80027753e-05  1.23780239e-05 -9.76281299e-06  1.49844792e-05
  7.89042159e-05 -7.36857057e-06 -1.54887680e-04 -4.11868704e-05
  2.19638908e-04  1.29073920e-04 -2.54643625e-04 -2.46487728e-04
  2.44498468e-04  3.76316959e-04 -1.80270438e-04 -4.96553959e-04
  6.19858294e-05  5.83925812e-04  1.00336389e-04 -6.18172123e-04
 -2.87469991e-04  5.86203335e-04  4.73629560e-04 -4.85312958e-04
 -6.30661662e-04  3.24715010e-04  7.33120478e-04 -1.24931678e-04
 -7.63325348e-04 -8.50686724e-05  7.15407916e-04  2.72649116e-04
 -5.97454993e-04 -4.07451648e-04  4.31139198e-04  4.67463717e-04
 -2.48664517e-04 -4.44026260e-04  8.73659896e-05  3.44699756e-04
  1.72028332e-05 -1.93222336e-04 -3.84841839e-05  2.62928287e-05
 -3.49517050e-05  1.12490165e-04  1.95656964e-04 -1.80613849e-04
 -4.16892608e-04  1.45181174e-04  6.55939069e-04  9.62662422e-06
 -8.60826150e-04 -2.77702661e-04  9.79483888e-04  6.29957440e-04
 -9.69756622e-04 -1.01759296e-03  8.08419315e-04  1.37945403e-03
 -4.97368936e-04 -1.65239081e-03  6.55560306e-05  1.78289315e-03
  4.34074500e-04 -1.73786700e-03 -9.32460634e-04  1.51241266e-03
  1.35600173e-03 -1.13286893e-03 -1.63991763e-03  6.54158988e-04
  1.74097076e-03 -1.51493394e-04 -1.64706404e-03 -2.92425106e-04
  1.38163174e-03  6.02596834e-04 -1.00157728e-03 -7.26598492e-04
  5.88652647e-04  6.46263888e-04 -2.35422370e-04 -3.83692273e-04
  2.80786962e-05 -1.08054095e-17 -2.91490148e-05  4.13502834e-04
  2.63387260e-04 -7.50607992e-04 -7.09781814e-04  9.09558216e-04
  1.30166745e-03 -8.13079275e-04 -1.93553607e-03  4.25344258e-04
  2.48753359e-03  2.37575632e-04 -2.83509862e-03 -1.10623872e-03
  2.88003902e-03  2.06628561e-03 -2.56880086e-03 -2.97595792e-03
  1.90590690e-03  3.69005164e-03 -9.57539275e-04 -4.08627308e-03
 -1.56120332e-04  4.08922498e-03  1.27916529e-03 -3.68735598e-03
 -2.24618798e-03  2.93919617e-03  2.91210824e-03 -1.96694948e-03
 -3.18027919e-03  9.37744320e-04  3.02349035e-03 -3.51730458e-05
 -2.49343579e-03 -5.74250613e-04  1.71605591e-03  7.73812653e-04
 -8.72611608e-04 -5.22331706e-04  1.68994879e-04 -1.32399079e-04
  2.01856854e-04  1.05585721e-03 -9.79511545e-05 -2.04545241e-03
 -5.40391835e-04  2.86334861e-03  1.67209864e-03 -3.27841489e-03
 -3.15419844e-03  3.11023219e-03  4.75947534e-03 -2.26719709e-03
 -6.21107263e-03  7.71274319e-04  7.22896665e-03  1.23614592e-03
 -7.58069167e-03 -3.50978289e-03  7.12736929e-03  5.73617886e-03
 -5.85629733e-03 -7.58462743e-03  3.89314777e-03  8.76523632e-03
 -1.48999460e-03 -9.08416252e-03 -1.01053762e-03  8.48582703e-03
  3.23041074e-03 -7.07348628e-03 -4.82221528e-03  5.10274756e-03
  5.53517085e-03 -2.94700539e-03 -5.26931930e-03  1.03865061e-03
  4.10733287e-03  2.05555934e-04 -2.31647137e-03 -4.63158553e-04
  3.17841925e-04 -4.24647461e-04  1.37446223e-03  2.40578226e-03
 -2.23641973e-03 -5.20212977e-03  1.82705511e-03  8.33175292e-03
  1.23522111e-04 -1.11678867e-02 -3.64611398e-03  1.30279733e-02
  8.49732518e-03 -1.32805957e-02 -1.41657114e-02  1.14544253e-02
  1.99214230e-02 -7.33193671e-03 -2.49047479e-02  1.01198116e-03
  2.82424989e-02  7.07072004e-03 -2.91761585e-02 -1.61750459e-02
  2.71829762e-02  2.53305167e-02 -2.20713168e-02 -3.34531374e-02
  1.40345961e-02  3.94849626e-02 -3.65371579e-03 -4.25380816e-02
 -8.15475558e-03  4.20223176e-02  2.02394179e-02 -3.77376513e-02
 -3.13512310e-02  2.99170161e-02  4.02987044e-02 -1.92120239e-02
 -4.60996757e-02  6.62234610e-03  4.81083648e-02  6.62234610e-03
 -4.60996757e-02 -1.92120239e-02  4.02987044e-02  2.99170161e-02
 -3.13512310e-02 -3.77376513e-02  2.02394179e-02  4.20223176e-02
 -8.15475558e-03 -4.25380816e-02 -3.65371579e-03  3.94849626e-02
  1.40345961e-02 -3.34531374e-02 -2.20713168e-02  2.53305167e-02
  2.71829762e-02 -1.61750459e-02 -2.91761585e-02  7.07072004e-03
  2.82424989e-02  1.01198116e-03 -2.49047479e-02 -7.33193671e-03
  1.99214230e-02  1.14544253e-02 -1.41657114e-02 -1.32805957e-02
  8.49732518e-03  1.30279733e-02 -3.64611398e-03 -1.11678867e-02
  1.23522111e-04  8.33175292e-03  1.82705511e-03 -5.20212977e-03
 -2.23641973e-03  2.40578226e-03  1.37446223e-03 -4.24647461e-04
  3.17841925e-04 -4.63158553e-04 -2.31647137e-03  2.05555934e-04
  4.10733287e-03  1.03865061e-03 -5.26931930e-03 -2.94700539e-03
  5.53517085e-03  5.10274756e-03 -4.82221528e-03 -7.07348628e-03
  3.23041074e-03  8.48582703e-03 -1.01053762e-03 -9.08416252e-03
 -1.48999460e-03  8.76523632e-03  3.89314777e-03 -7.58462743e-03
 -5.85629733e-03  5.73617886e-03  7.12736929e-03 -3.50978289e-03
 -7.58069167e-03  1.23614592e-03  7.22896665e-03  7.71274319e-04
 -6.21107263e-03 -2.26719709e-03  4.75947534e-03  3.11023219e-03
 -3.15419844e-03 -3.27841489e-03  1.67209864e-03  2.86334861e-03
 -5.40391835e-04 -2.04545241e-03 -9.79511545e-05  1.05585721e-03
  2.01856854e-04 -1.32399079e-04  1.68994879e-04 -5.22331706e-04
 -8.72611608e-04  7.73812653e-04  1.71605591e-03 -5.74250613e-04
 -2.49343579e-03 -3.51730458e-05  3.02349035e-03  9.37744320e-04
 -3.18027919e-03 -1.96694948e-03  2.91210824e-03  2.93919617e-03
 -2.24618798e-03 -3.68735598e-03  1.27916529e-03  4.08922498e-03
 -1.56120332e-04 -4.08627308e-03 -9.57539275e-04  3.69005164e-03
  1.90590690e-03 -2.97595792e-03 -2.56880086e-03  2.06628561e-03
  2.88003902e-03 -1.10623872e-03 -2.83509862e-03  2.37575632e-04
  2.48753359e-03  4.25344258e-04 -1.93553607e-03 -8.13079275e-04
  1.30166745e-03  9.09558216e-04 -7.09781814e-04 -7.50607992e-04
  2.63387260e-04  4.13502834e-04 -2.91490148e-05 -1.08054095e-17
  2.80786962e-05 -3.83692273e-04 -2.35422370e-04  6.46263888e-04
  5.88652647e-04 -7.26598492e-04 -1.00157728e-03  6.02596834e-04
  1.38163174e-03 -2.92425106e-04 -1.64706404e-03 -1.51493394e-04
  1.74097076e-03  6.54158988e-04 -1.63991763e-03 -1.13286893e-03
  1.35600173e-03  1.51241266e-03 -9.32460634e-04 -1.73786700e-03
  4.34074500e-04  1.78289315e-03  6.55560306e-05 -1.65239081e-03
 -4.97368936e-04  1.37945403e-03  8.08419315e-04 -1.01759296e-03
 -9.69756622e-04  6.29957440e-04  9.79483888e-04 -2.77702661e-04
 -8.60826150e-04  9.62662422e-06  6.55939069e-04  1.45181174e-04
 -4.16892608e-04 -1.80613849e-04  1.95656964e-04  1.12490165e-04
 -3.49517050e-05  2.62928287e-05 -3.84841839e-05 -1.93222336e-04
  1.72028332e-05  3.44699756e-04  8.73659896e-05 -4.44026260e-04
 -2.48664517e-04  4.67463717e-04  4.31139198e-04 -4.07451648e-04
 -5.97454993e-04  2.72649116e-04  7.15407916e-04 -8.50686724e-05
 -7.63325348e-04 -1.24931678e-04  7.33120478e-04  3.24715010e-04
 -6.30661662e-04 -4.85312958e-04  4.73629560e-04  5.86203335e-04
 -2.87469991e-04 -6.18172123e-04  1.00336389e-04  5.83925812e-04
  6.19858294e-05 -4.96553959e-04 -1.80270438e-04  3.76316959e-04
  2.44498468e-04 -2.46487728e-04 -2.54643625e-04  1.29073920e-04
  2.19638908e-04 -4.11868704e-05 -1.54887680e-04 -7.36857057e-06
  7.89042159e-05  1.49844792e-05 -9.76281299e-06  1.23780239e-05
 -3.80027753e-05 -6.30655554e-05  5.55556999e-05  1.22397751e-04
 -4.06938772e-05 -1.75572649e-04 -2.46124376e-06  2.10282876e-04
  6.48343671e-05 -2.18623551e-04 -1.34472037e-04  1.98043601e-04
  1.98891129e-04 -1.51285531e-04 -2.47271445e-04  8.54375612e-05
  2.72141607e-04 -1.03568266e-05 -2.70335285e-04 -6.32045453e-05
  2.43143333e-04  1.25431126e-04 -1.95728174e-04 -1.68944008e-04
  1.35976846e-04  1.89768932e-04 -7.30349607e-05 -1.87681419e-04
  1.57817307e-05  1.65944104e-04  2.85184298e-05 -1.30539331e-04
 -5.52078959e-05  8.90592603e-05  6.27641150e-05 -4.94431883e-05
 -5.28324827e-05  1.87499488e-05  2.98000637e-05 -2.12870466e-06
 -1.60080140e-18]
